5000 2.2
10000 2.2
15000 2.2
20000 2.2
25000 2.1
30000 3.4
35000 3.6
40000 3.8
45000 3.6
50000 5.9
55000 41.5
60000 78.5
65000 91.2
70000 88.3
75000 91.9
80000 92.3
85000 92.4
90000 92.3
95000 91.7
100000 92.8
105000 92.4
110000 92.2
115000 92.6
120000 91.1
125000 92.6
130000 92.0
135000 92.3
140000 91.4
145000 90.3
150000 92.3
155000 92.1
160000 91.2
165000 91.1
170000 93.1
175000 89.7
180000 91.4
185000 91.6
190000 93.3
195000 91.0
200000 91.7
205000 90.5
210000 92.0
215000 90.9
220000 92.3
225000 92.0
230000 91.6
235000 91.6
240000 92.5
245000 92.0
250000 91.2
255000 92.8
260000 92.0
265000 91.5
270000 92.2
275000 93.7
280000 92.1
285000 92.3
290000 92.4
295000 90.6
300000 92.6
305000 92.4
310000 93.3
315000 93.2
320000 93.2
325000 92.8
330000 92.4
335000 91.2
340000 92.0
345000 92.9
350000 93.1
355000 92.4
360000 93.2
365000 91.3
370000 92.2
375000 87.9
380000 90.5
385000 89.6
390000 92.6
395000 93.6
400000 92.2
405000 92.4
410000 92.1
415000 90.1
420000 92.8
425000 92.4
430000 91.8
435000 92.3
440000 91.4
445000 92.2
450000 92.6
455000 93.6
460000 92.7
465000 92.6
470000 92.5
475000 93.0
480000 91.7
485000 92.2
490000 92.6
495000 91.4
500000 91.1
505000 92.3
510000 92.1
515000 93.2
520000 93.1
525000 93.5
530000 92.3
535000 91.6
540000 90.6
545000 91.6
550000 91.6
555000 91.8
560000 91.2
565000 90.8
570000 90.9
575000 93.5
580000 92.5
585000 92.6
590000 90.2
595000 92.0
600000 92.8
605000 91.4
610000 92.6
615000 91.7
620000 90.1
625000 90.8
630000 91.9
635000 91.9
640000 91.9
645000 92.2
650000 90.9
655000 90.4
660000 91.0
665000 92.2
670000 93.6
675000 91.7
680000 91.7
685000 93.3
690000 92.0
695000 93.0
700000 92.0
705000 90.8
710000 92.6
715000 91.7
720000 91.3
725000 91.0
730000 90.0
735000 90.6
740000 93.0
745000 91.3
750000 92.6
755000 91.5
760000 92.4
765000 91.3
770000 93.8
775000 92.2
780000 93.2
785000 92.6
790000 92.3
795000 91.7
800000 91.8
805000 91.6
810000 91.4
815000 92.7
820000 92.1
825000 92.1
830000 92.3
835000 91.9
840000 91.4
845000 91.6
850000 92.7
855000 91.5
860000 92.3
865000 91.6
870000 90.4
875000 92.2
880000 92.0
885000 92.2
890000 91.7
895000 91.6
900000 92.9
905000 92.6
910000 91.8
915000 92.9
920000 91.0
925000 90.9
930000 90.5
935000 92.0
940000 92.8
945000 92.8
950000 93.1
955000 92.3
960000 92.2
965000 91.0
970000 91.0
975000 92.3
980000 92.1
985000 92.4
990000 92.0
995000 92.6
1000000 91.9
