5000 3.6
10000 0.8
15000 -0.4
20000 5.7
25000 3.1
30000 2.7
35000 1.9
40000 1.2
45000 1.2
50000 2.1
55000 1.5
60000 2.1
65000 -0.6
70000 0.4
75000 1.2
80000 1.4
85000 -0.6
90000 3.3
95000 0.4
100000 -0.2
105000 2.5
110000 2.3
115000 3.7
120000 6.1
125000 5.4
130000 7.7
135000 7.3
140000 21.2
145000 16.3
150000 16.2
155000 10.6
160000 23.8
165000 36.0
170000 53.7
175000 15.4
180000 56.2
185000 29.0
190000 31.8
195000 19.2
200000 46.8
205000 59.8
210000 60.8
215000 42.7
220000 33.6
225000 46.0
230000 56.2
235000 35.9
240000 53.5
245000 61.2
250000 58.5
255000 89.9
260000 28.7
265000 32.2
270000 23.3
275000 23.1
280000 13.1
285000 55.2
290000 59.3
295000 82.9
300000 26.2
305000 47.5
310000 75.6
315000 40.4
320000 41.4
325000 25.0
330000 84.4
335000 73.2
340000 50.0
345000 64.2
350000 82.4
355000 82.7
360000 64.7
365000 40.3
370000 78.2
375000 35.2
380000 70.2
385000 62.5
390000 9.4
395000 80.7
400000 65.1
405000 34.6
410000 57.8
415000 66.3
420000 57.4
425000 72.5
430000 45.1
435000 72.9
440000 82.5
445000 71.1
450000 93.5
455000 79.8
460000 41.2
465000 59.5
470000 24.5
475000 81.5
480000 70.2
485000 77.9
490000 82.6
495000 67.3
500000 70.6
505000 78.2
510000 59.6
515000 75.1
520000 77.0
525000 56.0
530000 68.5
535000 54.3
540000 67.6
545000 78.0
550000 85.8
555000 90.2
560000 73.6
565000 65.3
570000 83.2
575000 86.5
580000 93.7
585000 54.5
590000 48.7
595000 55.2
600000 81.6
605000 79.0
610000 14.5
615000 90.0
620000 59.5
625000 93.8
630000 83.8
635000 86.8
640000 72.0
645000 89.2
650000 83.1
655000 82.9
660000 66.1
665000 78.4
670000 79.9
675000 75.5
680000 92.8
685000 74.5
690000 92.2
695000 76.0
700000 91.8
705000 89.7
710000 68.8
715000 90.7
720000 90.2
725000 84.1
730000 94.3
735000 89.4
740000 82.2
745000 91.8
750000 87.3
755000 83.4
760000 81.4
765000 80.3
770000 40.1
775000 64.3
780000 91.6
785000 82.2
790000 92.9
795000 88.8
800000 62.6
805000 92.0
810000 70.6
815000 87.8
820000 91.8
825000 89.7
830000 83.3
835000 89.3
840000 73.4
845000 88.1
850000 83.1
855000 92.8
860000 75.2
865000 90.3
870000 82.3
875000 86.6
880000 89.8
885000 78.5
890000 73.1
895000 74.2
900000 92.9
905000 88.9
910000 95.2
915000 79.3
920000 86.2
925000 60.2
930000 75.6
935000 46.6
940000 93.6
945000 87.1
950000 84.8
955000 90.2
960000 73.4
965000 88.0
970000 89.6
975000 93.5
980000 92.1
985000 91.7
990000 93.2
995000 84.3
1000000 85.5
