5000 9.9
10000 72.2
15000 90.8
20000 88.1
25000 91.6
30000 92.2
35000 92.5
40000 90.8
45000 91.4
50000 90.9
55000 93.2
60000 94.4
65000 91.8
70000 91.5
75000 91.8
80000 92.0
85000 92.9
90000 91.0
95000 92.3
100000 92.1
105000 92.0
110000 93.0
115000 92.4
120000 92.6
125000 93.7
130000 90.8
135000 91.3
140000 93.6
145000 92.3
150000 92.9
155000 91.8
160000 91.4
165000 92.8
170000 93.6
175000 92.4
180000 91.2
185000 92.7
190000 92.5
195000 93.0
200000 92.4
205000 93.3
210000 93.7
215000 92.6
220000 93.5
225000 93.7
230000 91.8
235000 93.0
240000 92.5
245000 91.1
250000 92.8
255000 93.6
260000 93.4
265000 92.7
270000 93.4
275000 92.6
280000 92.4
285000 93.9
290000 91.0
295000 91.3
300000 92.1
305000 90.5
310000 93.0
315000 92.8
320000 92.7
325000 93.6
330000 92.0
335000 92.5
340000 93.5
345000 90.7
350000 93.1
355000 92.9
360000 92.8
365000 93.8
370000 92.5
375000 91.7
380000 90.8
385000 91.9
390000 93.0
395000 91.9
400000 92.1
405000 93.5
410000 92.1
415000 91.8
420000 93.6
425000 90.1
430000 91.1
435000 91.3
440000 93.6
445000 92.4
450000 91.9
455000 91.6
460000 94.2
465000 93.6
470000 90.9
475000 92.8
480000 92.4
485000 92.7
490000 93.2
495000 92.7
500000 92.8
505000 92.6
510000 92.8
515000 92.5
520000 93.2
525000 92.4
530000 92.5
535000 92.7
540000 92.5
545000 91.3
550000 92.6
555000 93.2
560000 93.9
565000 93.0
570000 92.2
575000 93.1
580000 93.3
585000 93.1
590000 93.0
595000 92.6
600000 92.4
605000 93.0
610000 92.4
615000 92.2
620000 92.0
625000 91.6
630000 93.7
635000 92.8
640000 92.4
645000 91.5
650000 93.4
655000 93.6
660000 92.7
665000 92.7
670000 93.7
675000 93.8
680000 92.7
685000 91.5
690000 93.0
695000 91.3
700000 93.7
705000 93.0
710000 91.5
715000 92.5
720000 91.1
725000 91.7
730000 92.6
735000 92.2
740000 93.6
745000 93.5
750000 90.8
755000 92.0
760000 92.8
765000 92.4
770000 92.4
775000 92.6
780000 93.0
785000 92.3
790000 93.8
795000 93.3
800000 92.2
805000 92.9
810000 90.8
815000 93.3
820000 92.3
825000 92.5
830000 92.1
835000 92.3
840000 92.5
845000 93.0
850000 92.5
855000 92.4
860000 91.9
865000 92.5
870000 92.4
875000 93.2
880000 92.4
885000 92.6
890000 92.7
895000 91.1
900000 91.9
905000 92.0
910000 92.0
915000 92.8
920000 92.7
925000 92.1
930000 93.3
935000 92.7
940000 93.3
945000 91.8
950000 91.5
955000 93.1
960000 92.4
965000 92.3
970000 93.1
975000 89.8
980000 92.7
985000 92.4
990000 89.7
995000 92.6
1000000 92.3
