5000 2.2
10000 2.2
15000 2.2
20000 2.2
25000 2.3
30000 2.8
35000 19.6
40000 37.1
45000 78.4
50000 60.6
55000 90.8
60000 91.6
65000 90.8
70000 90.7
75000 92.9
80000 91.2
85000 91.4
90000 90.8
95000 93.0
100000 90.6
105000 92.7
110000 92.7
115000 90.9
120000 91.6
125000 89.3
130000 89.7
135000 90.7
140000 89.9
145000 91.7
150000 91.5
155000 92.6
160000 89.4
165000 92.7
170000 90.8
175000 90.5
180000 90.3
185000 92.1
190000 91.9
195000 92.8
200000 92.4
205000 92.8
210000 91.6
215000 91.1
220000 92.1
225000 91.9
230000 93.6
235000 92.6
240000 92.3
245000 92.2
250000 92.1
255000 92.4
260000 92.1
265000 93.0
270000 92.8
275000 91.2
280000 91.8
285000 92.8
290000 91.7
295000 91.3
300000 92.4
305000 92.0
310000 90.9
315000 93.0
320000 92.0
325000 90.9
330000 92.5
335000 91.5
340000 92.5
345000 91.1
350000 93.5
355000 93.8
360000 93.3
365000 91.9
370000 93.1
375000 91.8
380000 91.0
385000 92.0
390000 91.3
395000 92.4
400000 93.0
405000 91.5
410000 91.9
415000 92.3
420000 92.1
425000 92.7
430000 92.7
435000 92.1
440000 90.3
445000 91.7
450000 92.4
455000 91.5
460000 90.7
465000 90.5
470000 92.0
475000 92.0
480000 92.4
485000 91.5
490000 91.1
495000 92.0
500000 92.1
505000 92.4
510000 92.1
515000 92.2
520000 92.2
525000 92.7
530000 91.7
535000 92.2
540000 92.0
545000 91.9
550000 92.7
555000 90.1
560000 91.7
565000 90.6
570000 91.8
575000 90.7
580000 92.9
585000 91.4
590000 90.9
595000 91.9
600000 91.7
605000 93.0
610000 92.0
615000 92.2
620000 92.2
625000 92.1
630000 85.5
635000 91.5
640000 91.6
645000 91.8
650000 91.6
655000 92.4
660000 91.7
665000 92.1
670000 92.1
675000 92.1
680000 91.9
685000 92.4
690000 90.8
695000 92.5
700000 91.6
705000 91.2
710000 92.4
715000 91.4
720000 92.0
725000 92.2
730000 92.7
735000 91.4
740000 92.6
745000 91.5
750000 91.5
755000 92.3
760000 92.2
765000 91.5
770000 91.2
775000 91.7
780000 91.8
785000 92.0
790000 90.8
795000 92.7
800000 90.6
805000 91.2
810000 93.1
815000 91.3
820000 92.3
825000 91.4
830000 90.9
835000 90.7
840000 91.9
845000 91.8
850000 90.3
855000 91.6
860000 92.7
865000 92.3
870000 91.2
875000 91.2
880000 91.4
885000 92.9
890000 91.6
895000 91.0
900000 89.6
905000 92.4
910000 91.5
915000 92.1
920000 92.3
925000 91.2
930000 92.1
935000 92.3
940000 91.7
945000 91.3
950000 91.4
955000 92.6
960000 92.0
965000 92.4
970000 92.6
975000 92.2
980000 92.1
985000 89.2
990000 92.2
995000 91.1
1000000 91.2
