5000 2.2
10000 2.2
15000 20.0
20000 41.4
25000 45.5
30000 46.9
35000 48.1
40000 45.4
45000 81.2
50000 47.6
55000 62.0
60000 54.2
65000 56.6
70000 80.0
75000 63.1
80000 66.2
85000 72.1
90000 77.9
95000 74.4
100000 66.2
105000 85.5
110000 88.0
115000 82.2
120000 86.2
125000 88.3
130000 87.7
135000 85.2
140000 85.6
145000 87.0
150000 87.5
155000 89.1
160000 82.7
165000 85.4
170000 89.1
175000 91.3
180000 86.8
185000 93.3
190000 91.2
195000 84.9
200000 91.8
205000 84.0
210000 92.2
215000 88.8
220000 88.5
225000 92.5
230000 87.0
235000 88.6
240000 93.1
245000 89.9
250000 90.7
255000 87.9
260000 89.9
265000 93.6
270000 93.1
275000 93.6
280000 91.4
285000 90.9
290000 92.5
295000 89.6
300000 92.7
305000 86.4
310000 92.3
315000 92.6
320000 90.6
325000 91.1
330000 92.3
335000 90.4
340000 89.2
345000 92.1
350000 91.3
355000 89.4
360000 89.0
365000 90.9
370000 91.8
375000 92.5
380000 93.0
385000 91.7
390000 91.3
395000 91.9
400000 91.9
405000 88.8
410000 90.3
415000 91.6
420000 87.5
425000 92.7
430000 91.6
435000 90.3
440000 91.1
445000 92.5
450000 86.0
455000 91.6
460000 90.0
465000 90.6
470000 90.2
475000 91.2
480000 91.2
485000 91.3
490000 91.8
495000 90.5
500000 89.9
505000 90.5
510000 91.9
515000 91.3
520000 89.3
525000 91.5
530000 92.5
535000 88.4
540000 91.0
545000 90.2
550000 90.2
555000 88.7
560000 92.1
565000 91.6
570000 92.1
575000 90.3
580000 93.1
585000 91.4
590000 92.0
595000 90.6
600000 87.2
605000 92.2
610000 90.8
615000 91.2
620000 86.6
625000 89.1
630000 88.4
635000 89.2
640000 92.3
645000 90.6
650000 91.4
655000 89.7
660000 91.5
665000 91.5
670000 90.1
675000 92.5
680000 92.1
685000 92.0
690000 87.8
695000 91.9
700000 90.0
705000 91.6
710000 89.3
715000 90.6
720000 91.9
725000 91.1
730000 92.6
735000 88.5
740000 93.2
745000 91.3
750000 92.3
755000 90.9
760000 91.4
765000 91.2
770000 86.6
775000 90.1
780000 90.4
785000 90.3
790000 94.5
795000 89.0
800000 91.0
805000 90.7
810000 92.2
815000 92.8
820000 92.2
825000 91.0
830000 93.2
835000 91.0
840000 91.0
845000 92.5
850000 91.7
855000 92.7
860000 93.4
865000 92.8
870000 91.6
875000 91.8
880000 91.9
885000 91.1
890000 86.5
895000 91.0
900000 92.2
905000 92.0
910000 92.5
915000 90.4
920000 87.0
925000 91.0
930000 88.6
935000 93.9
940000 91.3
945000 90.2
950000 89.4
955000 91.7
960000 91.0
965000 92.3
970000 91.2
975000 85.6
980000 89.2
985000 91.7
990000 91.1
995000 92.1
1000000 89.9
