5000 6.6
10000 0.9
15000 1.4
20000 1.0
25000 5.1
30000 2.0
35000 1.4
40000 0.7
45000 0.6
50000 0.7
55000 -0.4
60000 -0.6
65000 0.5
70000 2.2
75000 1.9
80000 -0.0
85000 1.4
90000 -0.0
95000 1.4
100000 3.9
105000 1.9
110000 2.9
115000 6.9
120000 4.5
125000 1.8
130000 8.0
135000 12.2
140000 20.9
145000 21.9
150000 20.1
155000 35.4
160000 54.4
165000 76.3
170000 59.3
175000 58.6
180000 78.4
185000 83.2
190000 49.3
195000 66.9
200000 68.1
205000 61.6
210000 7.6
215000 26.5
220000 37.8
225000 29.3
230000 53.6
235000 46.0
240000 46.6
245000 43.4
250000 54.0
255000 72.8
260000 88.3
265000 37.7
270000 88.9
275000 59.6
280000 87.0
285000 71.1
290000 32.9
295000 36.5
300000 76.0
305000 82.8
310000 86.5
315000 68.1
320000 80.5
325000 78.9
330000 83.1
335000 89.4
340000 58.2
345000 88.2
350000 75.9
355000 84.8
360000 54.9
365000 46.4
370000 69.8
375000 84.2
380000 73.1
385000 88.2
390000 88.1
395000 84.2
400000 89.0
405000 81.9
410000 92.8
415000 88.8
420000 79.7
425000 62.3
430000 84.2
435000 92.4
440000 71.0
445000 80.0
450000 87.3
455000 43.6
460000 74.9
465000 84.7
470000 94.1
475000 84.2
480000 80.9
485000 78.8
490000 74.4
495000 71.1
500000 91.0
505000 93.3
510000 86.4
515000 50.0
520000 91.6
525000 81.2
530000 92.6
535000 93.1
540000 69.6
545000 66.8
550000 71.8
555000 74.9
560000 85.3
565000 82.2
570000 61.9
575000 65.2
580000 88.1
585000 75.3
590000 89.6
595000 88.4
600000 74.7
605000 93.1
610000 90.7
615000 91.4
620000 61.3
625000 64.6
630000 90.4
635000 54.5
640000 88.9
645000 91.2
650000 91.3
655000 94.1
660000 82.7
665000 84.8
670000 92.5
675000 79.6
680000 93.8
685000 95.6
690000 76.0
695000 87.7
700000 87.0
705000 73.7
710000 72.3
715000 62.5
720000 88.8
725000 75.1
730000 84.8
735000 87.7
740000 86.8
745000 88.3
750000 87.6
755000 36.6
760000 73.5
765000 91.3
770000 95.3
775000 85.4
780000 71.6
785000 73.6
790000 91.5
795000 76.9
800000 68.0
805000 75.8
810000 82.6
815000 81.8
820000 89.3
825000 77.4
830000 47.6
835000 89.7
840000 88.3
845000 94.6
850000 86.2
855000 30.5
860000 88.3
865000 61.6
870000 89.8
875000 70.6
880000 90.1
885000 84.3
890000 91.8
895000 87.6
900000 83.4
905000 93.7
910000 82.9
915000 88.2
920000 85.7
925000 78.9
930000 86.5
935000 78.1
940000 84.6
945000 83.0
950000 92.7
955000 63.8
960000 93.1
965000 71.1
970000 81.8
975000 73.6
980000 83.6
985000 86.0
990000 84.0
995000 83.8
1000000 85.2
