5000 5.1
10000 76.9
15000 88.9
20000 90.8
25000 91.7
30000 92.1
35000 93.0
40000 92.7
45000 91.7
50000 93.5
55000 91.1
60000 90.7
65000 89.4
70000 90.4
75000 92.2
80000 93.1
85000 92.6
90000 91.6
95000 92.5
100000 91.1
105000 94.0
110000 92.8
115000 91.3
120000 91.2
125000 91.6
130000 92.6
135000 91.3
140000 93.8
145000 92.7
150000 92.4
155000 84.5
160000 90.8
165000 91.1
170000 91.6
175000 90.4
180000 90.1
185000 78.8
190000 91.7
195000 90.9
200000 87.1
205000 92.5
210000 81.0
215000 91.4
220000 87.8
225000 85.0
230000 89.0
235000 90.3
240000 46.9
245000 90.0
250000 85.7
255000 85.5
260000 74.0
265000 84.9
270000 86.2
275000 69.7
280000 83.6
285000 83.5
290000 79.7
295000 73.0
300000 87.8
305000 83.9
310000 81.6
315000 61.1
320000 72.9
325000 76.1
330000 60.8
335000 83.6
340000 35.5
345000 77.4
350000 46.4
355000 53.0
360000 80.5
365000 78.1
370000 80.6
375000 79.6
380000 69.5
385000 77.1
390000 80.8
395000 78.4
400000 82.1
405000 46.7
410000 78.6
415000 80.8
420000 71.1
425000 78.6
430000 65.1
435000 73.9
440000 78.1
445000 51.3
450000 71.3
455000 59.9
460000 74.6
465000 72.1
470000 75.0
475000 81.7
480000 63.9
485000 61.4
490000 51.6
495000 74.7
500000 58.9
505000 71.6
510000 28.3
515000 33.9
520000 63.1
525000 34.0
530000 75.7
535000 65.1
540000 45.0
545000 64.4
550000 59.2
555000 65.6
560000 70.8
565000 69.7
570000 72.4
575000 53.2
580000 66.0
585000 50.9
590000 65.9
595000 67.8
600000 71.5
605000 56.4
610000 61.0
615000 60.3
620000 38.7
625000 69.8
630000 71.1
635000 47.9
640000 71.2
645000 77.5
650000 61.1
655000 36.0
660000 71.1
665000 77.3
670000 71.9
675000 65.7
680000 15.6
685000 38.3
690000 60.6
695000 60.8
700000 50.3
705000 57.9
710000 62.9
715000 66.6
720000 70.1
725000 55.5
730000 62.2
735000 74.3
740000 63.5
745000 52.1
750000 50.3
755000 74.5
760000 54.9
765000 64.3
770000 54.6
775000 46.1
780000 66.7
785000 44.9
790000 76.7
795000 77.4
800000 60.5
805000 67.7
810000 67.3
815000 64.8
820000 72.7
825000 46.0
830000 24.5
835000 56.0
840000 56.9
845000 44.7
850000 48.3
855000 69.3
860000 53.9
865000 59.2
870000 60.5
875000 60.6
880000 70.5
885000 74.4
890000 59.2
895000 73.3
900000 45.8
905000 72.9
910000 56.9
915000 66.0
920000 62.9
925000 71.7
930000 62.1
935000 62.9
940000 66.6
945000 69.9
950000 54.0
955000 64.7
960000 60.7
965000 64.9
970000 69.6
975000 62.9
980000 73.6
985000 66.5
990000 75.3
995000 55.3
1000000 54.4
