5000 58.2
10000 26.8
15000 16.5
20000 38.5
25000 70.0
30000 62.4
35000 91.1
40000 48.6
45000 89.4
50000 81.5
55000 101.8
60000 103.0
65000 81.6
70000 106.3
75000 78.1
80000 70.1
85000 111.6
90000 92.5
95000 58.3
100000 111.4
105000 106.6
110000 75.4
115000 111.3
120000 112.4
125000 111.1
130000 110.8
135000 110.5
140000 108.4
145000 107.5
150000 110.5
155000 111.4
160000 112.4
165000 107.9
170000 110.9
175000 112.9
180000 106.9
185000 102.6
190000 111.7
195000 110.8
200000 103.0
205000 106.8
210000 110.9
215000 107.4
220000 95.8
225000 106.0
230000 65.7
235000 112.2
240000 103.8
245000 111.3
250000 102.5
255000 46.1
260000 112.7
265000 38.7
270000 112.8
275000 91.0
280000 99.0
285000 76.0
290000 33.6
295000 90.9
300000 78.6
305000 46.5
310000 27.3
315000 30.2
320000 35.2
325000 25.4
330000 29.2
335000 83.7
340000 13.8
345000 23.4
350000 61.1
355000 73.4
360000 37.6
365000 34.8
370000 30.4
375000 25.5
380000 17.0
385000 17.8
390000 9.6
395000 2.4
400000 17.9
405000 16.2
410000 2.4
415000 7.7
420000 2.0
425000 8.6
430000 7.5
435000 1.2
440000 1.6
445000 1.2
450000 1.3
455000 1.7
460000 1.7
465000 1.8
470000 1.4
475000 1.3
480000 1.9
485000 1.0
490000 1.2
495000 1.1
500000 1.2
505000 10.2
510000 10.0
515000 2.3
520000 7.7
525000 6.1
530000 4.6
535000 6.3
