5000 16.3
10000 54.1
15000 33.7
20000 31.2
25000 16.5
30000 17.1
35000 19.4
40000 10.1
45000 13.6
50000 10.2
55000 10.5
60000 11.5
65000 1.7
70000 6.4
75000 6.1
80000 1.4
85000 1.8
90000 2.0
95000 9.2
100000 16.8
105000 14.4
110000 11.1
115000 20.2
120000 10.9
125000 14.6
130000 8.5
135000 13.2
140000 21.6
145000 14.9
150000 14.6
155000 12.1
160000 13.3
165000 13.4
170000 13.4
175000 16.9
180000 19.8
185000 13.5
190000 13.1
195000 13.1
200000 14.5
205000 14.5
210000 13.1
215000 8.3
220000 13.3
225000 13.9
230000 28.9
235000 20.9
240000 14.8
245000 9.4
250000 34.0
255000 5.9
260000 7.9
265000 2.1
270000 8.1
275000 12.8
280000 15.9
285000 6.1
290000 10.6
295000 20.1
300000 2.4
305000 2.5
310000 2.3
315000 1.9
320000 6.3
325000 9.7
330000 15.9
335000 12.5
340000 11.7
345000 11.4
350000 10.6
355000 12.7
360000 11.1
365000 14.4
370000 21.6
375000 16.9
380000 24.1
385000 15.7
390000 10.6
395000 18.7
400000 14.2
405000 14.7
410000 13.4
415000 14.1
420000 13.1
425000 40.8
430000 41.1
435000 34.8
440000 33.0
445000 26.5
450000 21.0
455000 29.3
460000 77.5
465000 35.8
470000 34.0
475000 38.5
480000 27.2
485000 63.0
490000 57.9
495000 53.8
500000 52.5
505000 95.0
510000 51.8
515000 54.4
520000 40.8
525000 88.5
530000 37.2
535000 43.4
540000 41.6
545000 63.2
550000 84.0
555000 70.1
560000 49.8
565000 96.6
570000 73.5
575000 96.9
580000 90.2
585000 81.1
590000 85.2
595000 74.4
600000 103.4
605000 104.4
610000 70.3
615000 84.6
620000 88.4
625000 86.3
630000 92.9
635000 96.3
640000 83.8
645000 70.0
650000 98.5
655000 78.5
660000 104.5
665000 83.4
670000 39.5
675000 32.4
680000 107.7
685000 110.9
690000 97.8
695000 102.9
700000 110.9
705000 110.1
710000 110.3
715000 111.2
720000 110.3
725000 110.3
730000 97.9
735000 107.9
740000 107.5
745000 110.6
750000 112.3
755000 103.6
760000 110.8
765000 110.7
770000 110.4
775000 106.1
780000 111.3
785000 108.9
790000 96.6
795000 107.5
800000 109.6
805000 111.1
810000 111.4
815000 97.7
820000 111.3
825000 110.1
830000 110.5
835000 106.3
840000 110.8
845000 103.3
850000 109.1
855000 110.4
860000 110.6
865000 111.4
870000 110.7
875000 107.0
880000 111.2
885000 111.5
890000 98.7
895000 109.5
900000 111.9
905000 111.1
910000 105.9
915000 111.9
920000 111.1
925000 104.0
930000 110.4
935000 21.8
940000 111.2
945000 110.8
950000 106.4
955000 110.8
960000 105.3
965000 111.2
970000 109.7
975000 107.7
980000 92.4
985000 109.1
990000 111.1
995000 111.0
1000000 108.7
