5000 52.7
10000 107.7
15000 100.2
20000 108.9
25000 109.2
30000 108.6
35000 108.3
40000 108.9
45000 108.7
50000 110.0
55000 109.5
60000 109.3
65000 109.3
70000 108.6
75000 108.3
80000 108.6
85000 108.6
90000 109.2
95000 109.3
100000 108.7
105000 109.6
110000 109.2
115000 91.8
120000 109.5
125000 108.3
130000 109.6
135000 108.8
140000 109.3
145000 109.5
150000 108.4
155000 108.3
160000 109.3
165000 109.3
170000 109.3
175000 108.9
180000 109.0
185000 108.5
190000 109.5
195000 109.8
200000 109.3
205000 108.3
210000 109.5
215000 108.8
220000 109.7
225000 109.5
230000 110.0
235000 108.6
240000 109.8
245000 109.0
250000 108.7
255000 109.4
260000 108.2
265000 109.4
270000 108.9
275000 109.3
280000 109.4
285000 109.6
290000 108.9
295000 108.7
300000 108.9
305000 109.2
310000 109.3
315000 109.4
320000 108.9
325000 108.9
330000 109.7
335000 109.1
340000 109.0
345000 110.3
350000 109.0
355000 108.9
360000 109.2
365000 109.8
370000 109.5
375000 109.5
380000 109.7
385000 109.2
390000 109.0
395000 109.1
400000 109.0
405000 109.2
410000 109.0
415000 109.8
420000 109.4
425000 109.4
430000 109.4
435000 109.5
440000 109.5
445000 109.7
450000 109.1
455000 109.0
460000 109.6
465000 109.6
470000 109.4
475000 110.1
480000 109.3
485000 109.4
490000 109.4
495000 110.2
500000 109.7
505000 110.4
510000 109.0
515000 109.5
520000 109.9
525000 109.7
530000 109.4
535000 109.0
540000 109.8
545000 110.1
550000 109.0
555000 109.2
560000 109.7
565000 109.2
570000 109.3
575000 110.1
580000 109.1
585000 109.9
590000 109.2
595000 110.1
600000 109.6
605000 109.5
610000 109.5
615000 109.1
620000 110.3
625000 109.7
630000 108.9
635000 109.6
640000 109.8
645000 109.2
650000 109.6
655000 109.5
660000 110.1
665000 109.0
670000 109.4
675000 110.0
680000 109.4
685000 109.3
690000 109.5
695000 109.4
700000 109.6
705000 110.3
710000 109.9
715000 110.0
720000 109.9
725000 109.6
730000 109.6
735000 110.2
740000 109.4
745000 109.9
750000 110.0
755000 110.2
760000 109.2
765000 109.7
770000 109.6
775000 109.3
780000 110.1
785000 108.6
790000 109.7
795000 109.7
800000 110.0
805000 110.0
810000 109.4
815000 109.8
820000 109.4
825000 109.8
830000 110.0
835000 109.6
840000 109.5
845000 109.9
850000 110.1
855000 109.4
860000 110.4
865000 109.6
870000 109.4
875000 110.0
880000 109.8
885000 109.7
890000 109.4
895000 109.4
900000 109.9
905000 109.9
910000 109.4
915000 109.2
920000 109.9
925000 110.0
930000 109.3
935000 109.4
940000 109.9
945000 109.3
950000 109.4
955000 110.3
960000 110.2
965000 109.8
970000 110.5
975000 110.6
980000 109.5
985000 109.9
990000 109.7
995000 110.1
1000000 110.0
