5000 13.9
10000 39.7
15000 21.8
20000 48.0
25000 96.2
30000 106.4
35000 105.9
40000 82.5
45000 107.4
50000 108.2
55000 106.5
60000 107.1
65000 108.9
70000 108.8
75000 108.2
80000 108.7
85000 108.4
90000 108.0
95000 108.6
100000 108.0
105000 107.8
110000 107.8
115000 109.0
120000 109.2
125000 109.6
130000 108.6
135000 108.3
140000 108.2
145000 108.4
150000 109.2
155000 109.2
160000 89.1
165000 108.8
170000 108.5
175000 71.7
180000 -0.1
185000 12.5
190000 12.8
195000 17.2
200000 4.2
205000 5.0
210000 11.3
215000 18.9
220000 7.0
225000 20.2
230000 30.9
235000 9.5
240000 14.0
245000 107.0
250000 88.1
255000 107.8
260000 108.3
265000 90.7
270000 107.8
275000 107.7
280000 107.4
285000 108.5
290000 108.1
295000 107.4
300000 108.3
305000 108.7
310000 108.6
315000 108.6
320000 108.6
325000 109.0
330000 108.6
335000 109.2
340000 109.7
345000 16.9
350000 18.6
355000 6.4
360000 16.7
365000 17.8
370000 100.7
375000 10.0
380000 12.3
385000 11.6
390000 8.7
395000 7.2
400000 7.4
405000 8.2
410000 14.2
415000 4.7
420000 10.4
425000 11.7
430000 16.7
435000 8.9
440000 27.3
445000 7.8
450000 11.8
455000 5.7
460000 14.6
465000 5.1
470000 6.9
475000 13.5
480000 10.0
485000 7.5
490000 8.3
495000 5.8
500000 21.0
505000 6.2
510000 7.0
515000 5.0
520000 14.1
525000 12.9
530000 7.2
535000 5.6
540000 4.2
545000 4.2
550000 6.5
555000 5.2
560000 9.0
565000 37.5
570000 22.3
575000 5.7
580000 6.5
585000 6.1
590000 9.3
595000 8.1
600000 16.2
605000 14.3
610000 6.2
615000 12.1
620000 10.5
625000 4.8
630000 12.6
635000 11.7
640000 11.3
645000 5.6
650000 4.7
655000 6.3
660000 4.5
665000 5.9
670000 5.3
675000 0.3
680000 0.8
685000 3.7
690000 6.1
695000 16.2
700000 4.9
705000 7.1
710000 9.4
715000 7.5
720000 5.2
725000 0.7
730000 6.3
735000 5.9
740000 7.1
745000 4.6
750000 7.0
755000 13.1
760000 5.6
765000 14.7
770000 13.2
775000 8.3
780000 8.3
785000 14.0
790000 9.7
795000 8.6
800000 12.9
805000 6.8
810000 15.1
815000 8.0
820000 5.0
825000 6.6
830000 5.4
835000 8.0
840000 6.1
845000 6.3
850000 7.8
855000 12.3
860000 6.0
865000 6.4
870000 7.8
875000 18.7
880000 6.8
885000 4.8
890000 14.1
895000 10.3
900000 11.6
905000 27.7
910000 19.6
915000 8.7
920000 13.0
925000 9.0
930000 8.1
935000 6.4
940000 6.5
945000 6.8
950000 7.6
955000 10.7
960000 6.4
965000 9.4
970000 6.2
975000 4.4
980000 6.6
985000 8.9
990000 4.9
995000 7.3
1000000 7.1
