5000 4.0
10000 -0.1
15000 3.0
20000 1.9
25000 2.0
30000 1.0
35000 5.7
40000 1.2
45000 0.7
50000 2.4
55000 1.0
60000 -0.0
65000 1.9
70000 0.2
75000 0.7
80000 1.3
85000 -0.0
90000 4.3
95000 0.9
100000 -0.3
105000 3.4
110000 2.6
115000 4.3
120000 2.0
125000 3.2
130000 3.4
135000 1.6
140000 5.6
145000 12.6
150000 7.5
155000 24.8
160000 31.6
165000 25.6
170000 12.8
175000 44.6
180000 32.1
185000 27.1
190000 49.2
195000 32.9
200000 48.3
205000 57.1
210000 17.8
215000 78.7
220000 44.3
225000 49.5
230000 67.9
235000 83.0
240000 84.2
245000 25.4
250000 78.3
255000 64.5
260000 61.2
265000 70.1
270000 72.6
275000 37.0
280000 52.6
285000 76.0
290000 70.2
295000 24.0
300000 76.2
305000 59.5
310000 75.1
315000 84.7
320000 80.2
325000 76.8
330000 82.9
335000 75.7
340000 55.0
345000 63.4
350000 82.6
355000 85.2
360000 82.4
365000 88.9
370000 68.4
375000 80.7
380000 44.8
385000 90.4
390000 87.6
395000 62.7
400000 53.5
405000 85.9
410000 85.5
415000 93.2
420000 73.7
425000 85.8
430000 58.3
435000 47.2
440000 82.8
445000 86.2
450000 65.3
455000 49.5
460000 68.3
465000 84.7
470000 73.4
475000 84.7
480000 90.5
485000 55.4
490000 91.3
495000 91.7
500000 75.7
505000 90.3
510000 89.5
515000 48.2
520000 71.4
525000 85.2
530000 92.5
535000 71.1
540000 85.8
545000 59.5
550000 70.1
555000 82.5
560000 94.2
565000 77.4
570000 84.0
575000 55.6
580000 81.4
585000 84.8
590000 64.2
595000 92.5
600000 81.5
605000 62.5
610000 68.8
615000 77.7
620000 71.9
625000 71.1
630000 84.4
635000 92.2
640000 94.2
645000 59.4
650000 93.9
655000 69.4
660000 92.9
665000 86.6
670000 19.6
675000 76.7
680000 80.0
685000 75.4
690000 75.8
695000 69.6
700000 92.5
705000 82.0
710000 85.7
715000 76.2
720000 92.6
725000 80.6
730000 89.2
735000 74.2
740000 81.6
745000 88.0
750000 70.2
755000 75.0
760000 92.1
765000 61.9
770000 84.6
775000 81.1
780000 76.1
785000 92.1
790000 74.0
795000 91.7
800000 70.8
805000 61.7
810000 82.3
815000 63.6
820000 92.0
825000 83.7
830000 90.9
835000 86.5
840000 71.9
845000 83.8
850000 84.0
855000 77.4
860000 58.9
865000 91.5
870000 86.3
875000 68.3
880000 86.2
885000 80.0
890000 73.9
895000 88.6
900000 89.7
905000 87.4
910000 92.1
915000 79.6
920000 78.5
925000 91.8
930000 89.1
935000 69.0
940000 73.3
945000 88.3
950000 91.8
955000 94.0
960000 88.4
965000 86.5
970000 92.6
975000 74.8
980000 92.4
985000 92.6
990000 80.3
995000 63.4
1000000 94.0
